NASA Rotor 37 Axial-Flow Compressor Rotor - 70% span solution, M=1.47 
                     
            Surface Coordinates and Aerodynamic Data (Lower Surface)
      x                  y               p              M              Cp
 0.000000000E00   0.000000000E00  2.138999531E+05 3.926322982E-02 1.358227849E+00
 1.266125128E-05 -3.327983140E-04 2.187971562E+05 6.409305334E-02 1.405102491E+00
 7.025991363E-05 -7.053639274E-04 2.133067031E+05 1.695582569E-01 1.352549314E+00
 1.906119578E-04 -1.114757615E-03 2.049064531E+05 2.951772213E-01 1.272144437E+00
 3.944510827E-04 -1.552569447E-03 1.903063906E+05 4.381451011E-01 1.132396579E+00
 7.052677101E-04 -2.002144000E-03 1.690018906E+05 6.001046896E-01 9.284757376E-01
 1.146370661E-03 -2.435679082E-03 1.410723906E+05 7.877057791E-01 6.611421704E-01
 1.738421852E-03 -2.808964811E-03 1.084236719E+05 1.012780666E+00 3.486374915E-01
 2.491709311E-03 -3.060759977E-03 7.434631250E+04 1.267936945E+00 2.245826647E-02
 3.383266740E-03 -3.114108462E-03 5.286530859E+04 1.479585886E+00 -1.831520647E-01
 4.399722908E-03 -3.107350320E-03 5.002773828E+04 1.530154347E+00 -2.103125155E-01
 5.545288324E-03 -3.086680314E-03 5.457397656E+04 1.493883967E+00 -1.667971611E-01
 6.839989685E-03 -3.070872044E-03 5.999750781E+04 1.439833999E+00 -1.148845926E-01
 8.302848786E-03 -3.053134307E-03 6.447189844E+04 1.394722819E+00 -7.205694169E-02
 9.955095127E-03 -3.033289220E-03 6.803461719E+04 1.359183550E+00 -3.795556724E-02
 1.182050444E-02 -3.011362394E-03 7.096515625E+04 1.330780149E+00 -9.905243292E-03
 1.392560918E-02 -2.987137297E-03 7.328844531E+04 1.308900118E+00 1.233264804E-02
 1.629993692E-02 -2.960534999E-03 7.498749219E+04 1.293715596E+00 2.859546430E-02
 1.897638105E-02 -2.931343159E-03 7.619457812E+04 1.283614635E+00 4.014936090E-02
 2.199135721E-02 -2.899580402E-03 7.705670312E+04 1.277602673E+00 4.840138927E-02
 2.538514882E-02 -2.865527757E-03 7.767712500E+04 1.274395823E+00 5.433989689E-02
 2.920213714E-02 -2.829257865E-03 7.811970312E+04 1.272221327E+00 5.857613683E-02
 3.349105641E-02 -2.791479230E-03 7.842491406E+04 1.271104932E+00 6.149753183E-02
 3.830511123E-02 -2.752978122E-03 7.866822656E+04 1.270970106E+00 6.382645667E-02
 4.370218888E-02 -2.713238122E-03 7.884253125E+04 1.271305084E+00 6.549485028E-02
 4.974475130E-02 -2.672762843E-03 7.887035156E+04 1.272230744E+00 6.576114148E-02
 5.649985746E-02 -2.630311763E-03 7.872318750E+04 1.273964405E+00 6.435252726E-02
 6.403893232E-02 -2.582968445E-03 7.835145312E+04 1.277389169E+00 6.079438329E-02
 7.243712991E-02 -2.522345632E-03 7.766877344E+04 1.283987284E+00 5.425995961E-02
 8.177282661E-02 -2.434013877E-03 7.666029688E+04 1.293636441E+00 4.460709542E-02
 9.212645888E-02 -2.298957668E-03 7.529833594E+04 1.310467243E+00 3.157077730E-02
 1.035792157E-01 -2.094582887E-03 7.695714844E+04 1.292222857E+00 4.744847864E-02
 1.162118614E-01 -1.820265665E-03 1.159403984E+05 9.330762029E-01 4.205855429E-01
 1.301030964E-01 -1.504074899E-03 1.570645469E+05 6.482296586E-01 8.142147064E-01
 1.453271359E-01 -1.200260711E-03 1.607266719E+05 6.432685256E-01 8.492676020E-01
 1.619495153E-01 -9.530662792E-04 1.598789531E+05 6.470395327E-01 8.411534429E-01
 1.800232828E-01 -7.390693063E-04 1.599986875E+05 6.466863155E-01 8.422995210E-01
 1.995860189E-01 -4.595181672E-04 1.603308906E+05 6.439461112E-01 8.454793096E-01
 2.206568569E-01 -4.997378346E-05 1.611753281E+05 6.376851201E-01 8.535619974E-01
 2.432342917E-01 4.738677817E-04 1.623897500E+05 6.285420656E-01 8.651861548E-01
 2.672921121E-01 1.073878957E-03 1.636672031E+05 6.184687614E-01 8.774135709E-01
 2.927763164E-01 1.708090422E-03 1.648310312E+05 6.093521118E-01 8.885534406E-01
 3.196025491E-01 2.346457448E-03 1.657741562E+05 6.026884317E-01 8.975807428E-01
 3.476532698E-01 3.041255055E-03 1.665188125E+05 5.974510312E-01 9.047083855E-01
 3.767776787E-01 3.926980775E-03 1.675247188E+05 5.901312232E-01 9.143366814E-01
 4.068010747E-01 4.950164352E-03 1.688263906E+05 5.795241594E-01 9.267958999E-01
 4.375240505E-01 6.050594617E-03 1.702794688E+05 5.682346821E-01 9.407043457E-01
 4.687316120E-01 7.020154968E-03 1.713806719E+05 5.607084632E-01 9.512447715E-01
 5.001804829E-01 8.067609742E-03 1.721712500E+05 5.552924275E-01 9.588119984E-01
 5.316259265E-01 9.215848520E-03 1.733392031E+05 5.468852520E-01 9.699913263E-01
 5.628259182E-01 1.041371282E-02 1.749408594E+05 5.330556631E-01 9.853219390E-01
 5.935516953E-01 1.141714305E-02 1.765288438E+05 5.189867616E-01 1.000521660E+00
 6.235844493E-01 1.212816779E-02 1.775690156E+05 5.105745792E-01 1.010477901E+00
 6.527196169E-01 1.253301650E-02 1.781821094E+05 5.060785413E-01 1.016346335E+00
 6.807785630E-01 1.267999969E-02 1.785928750E+05 5.029554367E-01 1.020278096E+00
 7.076120377E-01 1.257688086E-02 1.788978906E+05 5.004096627E-01 1.023197532E+00
 7.331017852E-01 1.222709101E-02 1.790091562E+05 5.002296567E-01 1.024262547E+00
 7.571606636E-01 1.166508067E-02 1.789024531E+05 5.025601983E-01 1.023241282E+00
 7.797334194E-01 1.096642949E-02 1.786733125E+05 5.055817962E-01 1.021047950E+00
 8.007934690E-01 1.017660182E-02 1.784018906E+05 5.084440708E-01 1.018450022E+00
 8.203397989E-01 9.330355562E-03 1.780825469E+05 5.114039779E-01 1.015393376E+00
 8.383939862E-01 8.462194353E-03 1.777097656E+05 5.145283341E-01 1.011825204E+00
 8.549960256E-01 7.603361271E-03 1.773319531E+05 5.174939632E-01 1.008208871E+00
 8.702001572E-01 6.769465748E-03 1.769976875E+05 5.200512409E-01 1.005009294E+00
 8.840716481E-01 5.962971598E-03 1.766869531E+05 5.224052668E-01 1.002035022E+00
 8.966831565E-01 5.183654372E-03 1.763519062E+05 5.249534249E-01 9.988281131E-01
 9.081131220E-01 4.432280082E-03 1.759556562E+05 5.280189514E-01 9.950352907E-01
 9.184426069E-01 3.713103477E-03 1.754856094E+05 5.316930413E-01 9.905361533E-01
 9.277538061E-01 3.031258238E-03 1.749514375E+05 5.358899236E-01 9.854232073E-01
 9.361277223E-01 2.390492475E-03 1.743665312E+05 5.405069590E-01 9.798246026E-01
 9.436432123E-01 1.792927505E-03 1.737325156E+05 5.455080867E-01 9.737560153E-01
 9.503757954E-01 1.239824342E-03 1.730506875E+05 5.508838296E-01 9.672297239E-01
 9.563969970E-01 7.308425847E-04 1.723178125E+05 5.566298962E-01 9.602148533E-01
 9.617742300E-01 2.660510363E-04 1.715394219E+05 5.627006888E-01 9.527643323E-01
 9.665699005E-01 -1.566724095E-04 1.707152500E+05 5.691045523E-01 9.448755383E-01
 9.708417654E-01 -5.395424669E-04 1.698339531E+05 5.759314299E-01 9.364400506E-01
 9.746432900E-01 -8.851245511E-04 1.688778281E+05 5.832588077E-01 9.272882342E-01
 9.780230522E-01 -1.195288613E-03 1.678550000E+05 5.910700560E-01 9.174979925E-01
 9.810252786E-01 -1.473792829E-03 1.667405312E+05 5.995850563E-01 9.068306088E-01
 9.836902022E-01 -1.723055844E-03 1.654784219E+05 6.090777516E-01 8.947500587E-01
 9.860543609E-01 -1.944987453E-03 1.640773906E+05 6.195839643E-01 8.813397884E-01
 9.881502390E-01 -2.143193269E-03 1.624667969E+05 6.316389441E-01 8.659235835E-01
 9.900074005E-01 -2.319684718E-03 1.605203906E+05 6.459804177E-01 8.472931385E-01
 9.916523695E-01 -2.476016525E-03 1.581579531E+05 6.632927060E-01 8.246805072E-01
 9.931087494E-01 -2.615184756E-03 1.550708125E+05 6.858139038E-01 7.951312661E-01
 9.943975806E-01 -2.738639014E-03 1.505330781E+05 7.187094092E-01 7.516973019E-01
 9.955379963E-01 -2.847894095E-03 1.430657812E+05 7.757276297E-01 6.802223325E-01
 9.965465665E-01 -2.945579821E-03 1.270922500E+05 8.905593753E-01 5.273280740E-01
 9.974403977E-01 -2.961358055E-03 9.856173438E+04 1.050759196E+00 2.542417049E-01
 9.982035756E-01 -2.758154413E-03 9.484816406E+04 9.817552567E-01 2.186964154E-01
 9.988128543E-01 -2.410642104E-03 1.296330703E+05 6.618874669E-01 5.516480803E-01
 9.992690086E-01 -1.989279175E-03 1.602352344E+05 4.193622470E-01 8.445636630E-01
 9.995892048E-01 -1.547041582E-03 1.746360469E+05 2.646294534E-01 9.824043512E-01
 9.997997284E-01 -1.112592057E-03 1.819075469E+05 1.483783573E-01 1.052005172E+00
 9.999247193E-01 -7.045554812E-04 1.851096875E+05 6.648880243E-02 1.082655191E+00
 9.999856949E-01 -3.326870501E-04 1.860736719E+05 1.636967622E-02 1.091882229E+00
 1.000000000E+00  0.000000000E00  1.867483438E+05 1.292349212E-02 1.098339915E+00

            Surface Coordinates and Aerodynamic Data (Upper Surface)
      x                  y               p              M              Cp
 0.000000000E00  0.000000000E00  2.112578438E+05 5.812177807E-02 1.332938194E+00
 2.483401477E-05 3.344144206E-04 2.139157344E+05 1.312284023E-01 1.358378887E+00
 9.671082080E-05 7.070495049E-04 2.072237031E+05 2.648044229E-01 1.294324517E+00
 2.334294695E-04 1.114510931E-03 1.935309531E+05 4.259620011E-01 1.163261294E+00
 4.550583835E-04 1.547278604E-03 1.714375469E+05 6.066073775E-01 9.517892003E-01
 7.845775690E-04 1.987519441E-03 1.426107188E+05 8.052786589E-01 6.758666039E-01
 1.246628235E-03 2.408590866E-03 1.094009688E+05 1.030162454E+00 3.579919040E-01
 1.858211355E-03 2.761709737E-03 7.583358594E+04 1.303495884E+00 3.669404238E-02
 2.622202970E-03 2.983556129E-03 4.894383203E+04 1.566402555E+00 -2.206873745E-01
 3.518134123E-03 3.090671264E-03 3.924659375E+04 1.691129923E+00 -3.135066926E-01
 4.531717859E-03 3.208875190E-03 4.203212500E+04 1.680630088E+00 -2.868443727E-01
 5.677656271E-03 3.342320910E-03 4.563403125E+04 1.641722918E+00 -2.523678839E-01
 6.972840056E-03 3.493459662E-03 4.895649609E+04 1.602436543E+00 -2.205661535E-01
 8.436227217E-03 3.664059099E-03 5.212947266E+04 1.564302564E+00 -1.901952922E-01
 1.008905657E-02 3.856895957E-03 5.503378906E+04 1.530434847E+00 -1.623959690E-01
 1.195515320E-02 4.074489698E-03 5.771530469E+04 1.499562502E+00 -1.367292255E-01
 1.406097505E-02 4.320278298E-03 5.981423047E+04 1.476147652E+00 -1.166388765E-01
 1.643608138E-02 4.597814288E-03 6.146963281E+04 1.458860517E+00 -1.007938161E-01
 1.911339723E-02 4.910623189E-03 6.275838281E+04 1.445626616E+00 -8.845824748E-02
 2.212928236E-02 5.263411440E-03 6.371279688E+04 1.436225295E+00 -7.932285964E-02
 2.552405186E-02 5.660902243E-03 6.438234375E+04 1.430024147E+00 -7.291413844E-02
 2.934210002E-02 6.108180620E-03 6.480468359E+04 1.427874088E+00 -6.887161732E-02
 3.363205492E-02 6.611480378E-03 6.505561719E+04 1.428281665E+00 -6.646974385E-02
 3.844723105E-02 7.176923100E-03 6.524958984E+04 1.428292513E+00 -6.461308897E-02
 4.384531453E-02 7.812431548E-03 6.544757031E+04 1.427318335E+00 -6.271807849E-02
 4.988887534E-02 8.524969220E-03 6.572249219E+04 1.424764633E+00 -6.008660048E-02
 5.664479733E-02 9.324078448E-03 6.609014844E+04 1.421144009E+00 -5.656749383E-02
 6.418448687E-02 1.021808665E-02 6.647033594E+04 1.417472005E+00 -5.292844400E-02
 7.258319110E-02 1.121610869E-02 6.674213281E+04 1.415318489E+00 -5.032687634E-02
 8.191959560E-02 1.232568081E-02 6.682735156E+04 1.415727735E+00 -4.951118678E-02
 9.227479249E-02 1.355344895E-02 6.670603125E+04 1.417993426E+00 -5.067243055E-02
 1.037311554E-01 1.490290835E-02 6.635676562E+04 1.422334075E+00 -5.401550606E-02
 1.163708270E-01 1.637328602E-02 6.575551562E+04 1.429334283E+00 -5.977050960E-02
 1.302735358E-01 1.796074212E-02 6.501612891E+04 1.437891483E+00 -6.684771925E-02
 1.455135942E-01 1.966192387E-02 6.430822656E+04 1.447233200E+00 -7.362356782E-02
 1.621566713E-01 2.147699520E-02 6.372790625E+04 1.456226587E+00 -7.917823642E-02
 1.802572459E-01 2.340351418E-02 6.328645312E+04 1.462985516E+00 -8.340370655E-02
 1.998547912E-01 2.543938532E-02 6.296623438E+04 1.467244267E+00 -8.646874875E-02
 2.209697068E-01 2.758699469E-02 6.269166406E+04 1.470611453E+00 -8.909685910E-02
 2.435998917E-01 2.985098958E-02 6.230675000E+04 1.475320339E+00 -9.278115630E-02
 2.677197456E-01 3.221495077E-02 6.164747266E+04 1.483749509E+00 -9.909158200E-02
 2.932791710E-01 3.461969644E-02 6.082305859E+04 1.494537592E+00 -1.069826484E-01
 3.201934099E-01 3.704715520E-02 6.041050391E+04 1.500002265E+00 -1.109315082E-01
 3.483400047E-01 3.955037519E-02 6.044283203E+04 1.499860287E+00 -1.106220707E-01
 3.775693178E-01 4.214046523E-02 6.020304688E+04 1.503653407E+00 -1.129172295E-01
 4.077143669E-01 4.469754174E-02 5.934575781E+04 1.515045047E+00 -1.211229712E-01
 4.385850728E-01 4.704489559E-02 5.868973828E+04 1.522046924E+00 -1.274022162E-01
 4.699384570E-01 4.942255095E-02 5.854263281E+04 1.523071289E+00 -1.288102567E-01
 5.015364289E-01 5.181932822E-02 5.791996094E+04 1.532940507E+00 -1.347703040E-01
 5.331479907E-01 5.405146256E-02 5.630166797E+04 1.554929018E+00 -1.502601653E-01
 5.645402670E-01 5.582375452E-02 5.397203516E+04 1.585432410E+00 -1.725587845E-01
 5.954772830E-01 5.706437305E-02 5.094772266E+04 1.624115705E+00 -2.015066743E-01
 6.257272363E-01 5.753026530E-02 4.688205078E+04 1.668578506E+00 -2.404221892E-01
 6.550697684E-01 5.731640756E-02 4.451775781E+04 1.693770409E+00 -2.630525529E-01
 6.833172441E-01 5.648789927E-02 4.869646875E+04 1.572525740E+00 -2.230550647E-01
 7.103112936E-01 5.520119891E-02 7.469660156E+04 1.205007792E+00 2.581113763E-02
 7.359167933E-01 5.336402729E-02 1.178781641E+05 8.520062566E-01 4.391333163E-01
 7.600403428E-01 5.103828758E-02 1.460608281E+05 6.581552625E-01 7.088901401E-01
 7.826250792E-01 4.835324734E-02 1.541632969E+05 5.798341036E-01 7.864447832E-01
 8.036576509E-01 4.550869763E-02 1.562898125E+05 5.462280512E-01 8.067991734E-01
 8.231554627E-01 4.267140850E-02 1.577320156E+05 5.255029798E-01 8.206035495E-01
 8.411349654E-01 3.982833028E-02 1.590576719E+05 5.077931285E-01 8.332923651E-01
 8.576288819E-01 3.695838898E-02 1.604929688E+05 4.911170304E-01 8.470306396E-01
 8.726948500E-01 3.410073742E-02 1.620417969E+05 4.751348495E-01 8.618556261E-01
 8.864079118E-01 3.131535277E-02 1.635495938E+05 4.600259066E-01 8.762878180E-01
 8.988499641E-01 2.864713781E-02 1.649309688E+05 4.459022880E-01 8.895099759E-01
 9.101054668E-01 2.612088062E-02 1.661825781E+05 4.327468574E-01 9.014900327E-01
 9.202603102E-01 2.375063114E-02 1.673258125E+05 4.205500782E-01 9.124327898E-01
 9.293994904E-01 2.154300176E-02 1.683780000E+05 4.092091322E-01 9.225040078E-01
 9.376069903E-01 1.950035430E-02 1.693501562E+05 3.986124992E-01 9.318092465E-01
 9.449632168E-01 1.762086712E-02 1.702464375E+05 3.886873126E-01 9.403882027E-01
 9.515448809E-01 1.589981280E-02 1.710701875E+05 3.793879151E-01 9.482729435E-01
 9.574244618E-01 1.433038618E-02 1.718293906E+05 3.706744313E-01 9.555398226E-01
 9.626695514E-01 1.290504448E-02 1.725278281E+05 3.624936938E-01 9.622250795E-01
 9.673429728E-01 1.161490288E-02 1.731724375E+05 3.548089862E-01 9.683951139E-01
 9.715027213E-01 1.045138109E-02 1.737688594E+05 3.475947082E-01 9.741038680E-01
 9.752018452E-01 9.405091405E-03 1.743164688E+05 3.408197165E-01 9.793454409E-01
 9.784883857E-01 8.466593921E-03 1.748210938E+05 3.344643712E-01 9.841755629E-01
 9.814063907E-01 7.626682520E-03 1.752819531E+05 3.285175264E-01 9.885867834E-01
 9.839952588E-01 6.875988096E-03 1.757088750E+05 3.229500949E-01 9.926731586E-01
 9.862909913E-01 6.206887774E-03 1.760990312E+05 3.177904487E-01 9.964076281E-01
 9.883255959E-01 5.610840395E-03 1.764500156E+05 3.130605519E-01 9.997671843E-01
 9.901279807E-01 5.080632400E-03 1.767658750E+05 3.087660074E-01 1.002790451E+00
 9.917238951E-01 4.609412979E-03 1.770441719E+05 3.050012887E-01 1.005454302E+00
 9.931367040E-01 4.191426560E-03 1.772710625E+05 3.019145131E-01 1.007626057E+00
 9.943867326E-01 3.820301499E-03 1.774331406E+05 2.997001410E-01 1.009177327E+00
 9.954925776E-01 3.491388867E-03 1.775243438E+05 2.987842560E-01 1.010050297E+00
 9.964706302E-01 3.200379433E-03 1.774904844E+05 2.997338772E-01 1.009726286E+00
 9.973349571E-01 2.941099461E-03 1.773388906E+05 3.034540713E-01 1.008275270E+00
 9.980968833E-01 2.703352366E-03 1.761589531E+05 3.031019568E-01 9.969812036E-01
 9.987251163E-01 2.381149447E-03 1.756186875E+05 2.807584405E-01 9.918099046E-01
 9.991999865E-01 1.978087239E-03 1.777915000E+05 2.334510684E-01 1.012607455E+00
 9.995386600E-01 1.544164843E-03 1.809790938E+05 1.764303148E-01 1.043118238E+00
 9.997656345E-01 1.114079379E-03 1.836723594E+05 1.198903695E-01 1.068897486E+00
 9.999040365E-01 7.072272711E-04 1.854439062E+05 6.881617010E-02 1.085854292E+00
 9.999765754E-01 3.345766163E-04 1.856062031E+05 2.785652131E-02 1.087407708E+00
 1.000000000E+00 0.000000000E00  1.872853906E+05 1.678559743E-02 1.103480458E+00


